13469
13471
13535
13596
13597
13598
13642
13686
13744
13821
13861
13872
13873
13875
13876
13879
13880
13881
13889
13890
13891
13893
13894
13895
13907
13908
13909
13910
13911
13912
13913
13914
13915
13916
13917
13918
13919
13920
13921
13922
13923
13924
13925
13926
13927
13928
13929
13930
13931
13932
13933
13934
13935
13936
13937
13938
13939
13940
13941
13942
13943
13944
13945
13946
13947
13948
13949
13950
13951
13952
13953
13954
13955
13956
13957
13958
13959
13960
13961
13962
13963
13964
13965
13966
13967
13968
13969
13970
13971
13972
13973
13974
13975
13984
13985
13986
13988
13989
13990
13992
13993
13994
13996
13997
13998
14000
14001
14002
14052
14053
14054
14055
14056
14058
14059
14060
14061
14062
14063
14064
14065
14066
14067
14068
14082
14083
14084
14086
14087
14088
14090
14091
14092
14147
14150
14213
14283
14286
14288
14368
14369
14370
14373
14375
14377
14379
14381
14383
14385
14387
14389
14391
14393
14395
14397
14399
14401
14403
14405
14407
14409
14411
14413
14415
14417
14419
14421
14423
14425
14427
14429
14431
14433
14435
14437
14439
14441
14443
14445
14447
14449
14451
14453
14454
14457
14459
14461
14463
14465
14467
14469
14471
14472
14526
14528
14529
14531
14533
14535
14537
14539
14541
14543
14545
14547
14549
14551
14553
14555
14557
14559
14561
14563
14565
14567
14569
14571
14573
14575
14577
14579
14581
14583
14585
14587
14589
14591
14593
14594
14595
14597
14599
14601
14603
14605
14607
14609
14611
14613
14615
14617
14619
14621
14623
14625
14627
14629
14679
14729
14790
14834
14895
14943
14994
15010
15012
15014
15016
15018
15020
15022
15024
15026
15028
15030
15032
15034
15036
15038
15040
15042
15044
15046
15048
15050
15052
15054
15056
15058
15063
15065
15067
15069
15071
15073
15075
15077
15079
15081
15083
15085
15087
15089
15091
15093
15095
15097
15099
15101
15103
15105
15107
15109
15111
15151
15214
