9862
9863
9981
9982
9983
9984
9985
9986
9987
9988
9989
9992
9993
9994
9995
9996
9997
9998
9999
10003
10006
10008
10010
10015
10103
10104
10105
10106
10107
10108
10109
10110
10111
10179
10180
10182
10184
10186
10188
10190
10192
10194
10196
10198
10200
10202
10204
10206
10301
10302
10304
10306
10309
10393
10394
10395
10396
10398
10400
10427
10428
10430
10432
10434
10505
10506
10508
10510
10512
10569
10570
10572
10574
10576
10661
10662
10664
10665
10723
10735
10737
10739
10741
10743
10745
10747
10749
10751
10753
10755
10757
10759
10761
10763
10765
10767
10769
10771
10773
10775
10777
10779
10781
10783
10785
10787
10789
10791
10793
10795
10797
10799
10801
10803
10805
10807
10809
10811
10813
10815
10817
10819
10821
10823
10825
10827
10829
10831
10833
10835
10837
10839
10841
10843
10845
10847
10848
10858
10860
10862
10945
10947
10974
10976
