13479
13481
13482
13485
13486
13487
13488
13489
13491
13492
13493
13494
13495
13499
13504
13505
13506
13507
13508
13509
13510
13511
13512
13513
13514
13515
13516
13517
13518
13519
13525
13526
13527
13528
13529
13530
13539
13540
13541
13542
13543
13544
13545
13546
13549
13550
13551
13552
13553
13554
13555
13556
13559
13560
13561
13562
13563
13564
13565
13566
13567
13568
13569
13570
13571
13572
13573
13574
13575
13576
13577
13578
13579
13581
13582
13589
13590
13601
13602
13603
13604
13605
13606
13607
13608
13609
13610
13611
13612
13613
13625
13626
13628
13629
13630
13631
13632
13633
13634
13635
13636
13637
13648
13649
13650
13651
13652
13653
13654
13655
13656
13657
13658
13659
13660
13661
13662
13663
13664
13666
13667
13668
13669
13670
13671
13672
13673
13674
13675
13676
13677
13678
13679
13680
13681
13682
13690
13691
13692
13693
13694
13695
13696
13697
13698
13699
13700
13701
13702
13703
13704
13705
13706
13707
13708
13709
13710
13711
13713
13715
13716
13717
13718
13719
13720
13721
13722
13723
13724
13725
13726
13727
13728
13729
13730
13731
13732
13733
13734
13735
13737
13738
13739
13740
13748
13749
13750
13751
13752
13753
13754
13755
13756
13757
13758
13759
13760
13761
13762
13763
13764
13767
13768
13769
13770
13771
13772
13773
13774
13775
13776
13777
13778
13779
13781
13782
13783
13784
13785
13786
13787
13788
13789
13790
13795
13802
13806
13807
13808
13824
13825
13827
13828
13829
13830
13832
13833
13834
13835
13836
13837
13838
13839
13840
13841
13842
13843
13844
13845
13846
13847
13848
13849
13850
13851
13863
13867
13868
13870
13885
13886
13887
13897
13898
13899
13900
13901
13902
13903
13904
13978
13979
13980
13981
13982
14004
14005
14006
14007
14008
14009
14010
14011
14012
14013
14014
14015
14016
14017
14019
14020
14021
14022
14023
14024
14025
14026
14027
14028
14029
14030
14031
14032
14033
14034
14035
14042
14043
14044
14045
14046
14047
14048
14049
14050
14070
14071
14072
14073
14074
14075
14076
14077
14078
14079
14080
14095
14096
14097
14098
14099
14100
14101
14102
14103
14104
14105
14106
14107
14111
14112
14113
14114
14115
14116
14117
14119
14120
14121
14122
14123
14124
14125
14126
14127
14128
14129
14130
14131
14132
14133
14134
14135
14136
14137
14138
14140
14141
14142
14143
14144
14145
14156
14157
14158
14159
14160
14161
14162
14163
14164
14165
14167
14168
14174
14177
14178
14180
14181
14182
14183
14184
14185
14186
14187
14191
14192
14196
14199
14200
14202
14203
14204
14205
14206
14207
14208
14209
14217
14220
14225
14226
14227
14228
14229
14230
14232
14233
14234
14235
14236
14238
14239
14240
14241
14242
14243
14244
14245
14246
14247
14248
14249
14250
14251
14252
14253
14254
14255
14256
14257
14258
14260
14262
14269
14271
14273
14274
14275
14276
14278
14279
14280
14294
14295
14296
14297
14298
14299
14300
14301
14302
14303
14304
14305
14306
14307
14308
14310
14311
14312
14313
14314
14315
14316
14317
14318
14319
14320
14321
14707
14708
14709
14710
14711
14712
14713
14714
14715
14716
14717
14718
14719
14720
14721
14722
14723
14724
14725
14736
14737
14738
14739
14740
14741
14742
14743
14744
14745
14746
14747
14748
14749
14750
14751
14752
14753
14754
14755
14756
14757
14758
14759
14760
14761
14762
14763
14764
14765
14766
14767
14768
14769
14770
14771
14772
14773
14774
14775
14776
14777
14778
14779
14780
14785
14795
14796
14798
14799
14800
14801
14802
14803
14804
14805
14806
14807
14810
14811
14812
14813
14814
14815
14816
14817
14818
14819
14820
14821
14822
14823
14824
14825
14826
14827
14828
14829
14844
14845
14846
14847
14848
14849
14850
14851
14852
14853
14854
14855
14856
14857
14858
14859
14860
14861
14862
14863
14864
14865
14866
14867
14868
14869
14870
14871
14872
14873
14874
14875
14876
14877
14878
14880
14882
14883
14884
14885
14886
14887
14888
14889
14890
14891
14900
14901
14902
14903
14904
14905
14906
14907
14908
14909
14910
14911
14912
14913
14914
14915
14916
14917
14918
14919
14920
14921
14922
14923
14924
14925
14926
14927
14928
14929
14930
14931
14932
14933
14934
14935
14950
14951
14952
14953
14954
14955
14956
14957
14958
14959
14960
14961
14962
14963
14964
14965
14966
14967
14968
14969
14970
14971
14972
14973
14974
14975
14976
14977
14978
14979
14980
14981
14982
14983
14984
14985
15001
15002
15003
15004
15005
15006
15007
15114
15115
15116
15117
15120
15121
15122
15123
15125
15126
15127
15128
15129
15130
15131
15132
15133
15134
15135
15136
15137
15138
15139
15140
15141
15142
15143
15144
15145
15155
15156
15157
15158
15159
15160
15161
15162
15163
15164
15166
15167
15168
15169
15170
15171
15172
15173
15174
15175
15176
15177
15178
15181
15182
15183
15184
15185
15186
15187
15188
15189
15190
15191
15192
15193
15195
15196
15197
15203
15204
15205
15206
15207
15208
15222
15223
15224
15225
15226
15227
15228
15229
15230
15231
15232
15233
15234
15235
15237
15238
15239
15240
15241
15242
15243
15244
15245
15246
15248
15250
