15612
15608
15607
15606
15605
15604
15599
15597
15596
15595
15594
15593
15592
15591
15590
15589
15588
15587
15586
15585
15584
15583
15582
15581
15580
15579
15578
15563
15562
15561
15560
15559
15558
15557
15470
15469
15468
15467
15466
15465
15464
15463
15462
15461
15460
15459
15458
15457
15456
15455
15454
15453
15452
15451
15450
15449
15448
15433
15432
15431
15430
15429
15428
15427
15426
15425
15424
15423
15421
15420
15419
15418
15417
15416
15415
15414
15413
15412
15411
15410
15409
15408
15407
15406
15405
15404
15403
15402
15401
15400
15399
15398
15397
15396
15395
15393
15392
15391
15390
15389
15388
15387
15386
15371
15370
15369
15368
15367
15366
15365
15364
15363
15362
15361
15360
15359
15358
15357
15356
15355
15354
15353
15352
15351
15350
15349
15348
15347
15346
15345
15344
15343
15342
15341
15340
15339
15338
15337
15321
15320
15319
15318
15317
15316
15315
15314
15313
15312
15311
15310
15309
15308
15307
15306
15305
15304
15303
15301
15296
15295
15294
15293
15292
15291
15290
15289
15288
15286
15285
15284
15283
15282
15281
15279
15278
15277
15276
15275
15274
15273
15272
15271
15256
15255
15254
15253
15252
15251

