11049
11055
11064
11071
11072
11073
11074
11075
11076
11077
11078
11084
11085
11087
11088
11089
11090
11091
11092
11093
11094
11095
11096
11114
11115
11116
11117
11119
11120
11121
11130
11131
11132
11134
11135
11136
11163
11164
11165
11166
11167
11168
11169
11171
11172
11174
11175
11181
11182
11183
11186
11187
11188
11189
11190
11193
11195
11196
11197
11198
11199
11203
11211
11212
11213
11214
11215
11216
11217
11218
11219
11220
11221
11222
11223
11224
11225
11226
11227
11228
11229
11230
11231
11232
11234
11236
11237
11238
11239
11240
11241
11249
11250
11251
11254
11255
11256
11257
11258
11259
11260
11261
11262
11263
11264
11265
11266
11267
11268
11269
11270
11271
11272
11273
11274
11275
11283
11284
11285
11286
11287
11288
11289
11290
11291
11292
11309
11310
11311
11315
11316
11317
11318
11319
11320
11321
11322
11323
11324
11325
11326
11327
11328
11329
11330
11331
11332
11333
11334
11335
11336
11340
11341
11342
11343
11344
11345
11346
11347
11348
11349
11350
11351
11356
11357
11361
11362
11363
11365
11366
11367
11368
11369
11377
11378
11388
11390
11391
11398
11399
11400
11401
11403
11404
11406
11408
11409
11410
11411
11412
11413
11414
11416
11417
11421
11429
11430
11436
11437
11438
11439
11440
11441
11442
11444
11446
11447
11450
11451
11452
11453
11454
11455
11456
11457
11458
11522
11523
11524
11525
11528
11529
11536
11539
11540
11543
11544
11545
11546
11547
11579
11581
11584
11585
11586
11591
11592
11593
11594
11595
11596
11597
11598
11607
11608
11609
11610
11614
11616
11617
11619
11618
11620
11621
11625
11626
11633
11634
11635
11636
11637
11638
11639
11640
11641
11642
11643
11644
11645
11646
11647
11648
11649
11650
11651
11652
11653
11654
11655
11656
11657
11658
11659
11661
11665
11670
11676
11677
11678
11679
11680
11681
11682
11683
11684
11685
11693
11696
11697
11698
11699
11700
11701
11702
11703
11704
11705
11706
11708
11709
11710
11712
11713
11714
11715
11716
11717
11718
11719
11720
11729
11760
11761
11764
11765
11766
11767
11768
11769
11770
11772
11780
11781
11782
11783
11784
11785
11786
11787
11788
11789
11790
11792
11793
11794
11795
11796
11797
11798
11799
11800
11801
11802
11803
11804
11805
11806
11807
11808
11809
11810
11811
11812
11816
11817
11818
11819
11820
11821
11822
11823
11824
11825
11826
11827
11828
11829
11830
11831
11832
11838
11845
11854
11855
11864
11868
11869
11870
11871
11872
11941
11942
11948
11949
11950
11951
11952
11953
11956
11957
12041
12042
12044
12045
12046
12047
12050
12080
12081
12082
12083
12084
12085
12129
12130
12131
12132
12133
12134
12135
