12422
12423
12424
12425
12426
12428
12429
12430
12431
12432
12433
12434
12435
12436
12437
12438
12439
12440
12441
12442
12443
12444
12445
12446
12447
12448
12453
12454
12455
12456
12457
12461
12462
12463
12464
12465
12466
12467
12468
12469
12471
12472
12473
12569
12570
12571
12573
12579
12580
12581
12582
12583
12584
12586
12587
12591
12593
12594
12595
12596
12597
12598
12599
12600
12601
12602
12604
12606
12607
12615
12616
12619
12620
12621
12622
12623
12624
12625
12757
12758
12759
12760
12761
12762
12763
12764
12765
12766
12767
12768
12769
12770
12772
12773
12775
12776
12777
12778
12779
12780
12781
12782
12783
12784
12785
12786
12787
12790
12791
12795
12824
12826
12827
12828
12829
12830
12831
12832
12833
12834
12835
12843
12844
12846
12850
12853
12854
12855
12856
12857
12858
12859
12860
12861
12862
12863
12864
12865
12866
12869
12870
12871
12873
12879
12880
12881
12882
12883
12884
12885
12886
12887
12888
12889
12890
12891
12892
12893
12894
12895
12896
12897
12898
12899
12901
12906
12908
12909
12910
12912
12913
12914
12915
12916
12917
12919
12920
12925
12931
12932
12933
12934
12935
12936
12937
12940
12941
12953
12954
12955
12956
12957
12958
12959
12960
12961
12962
12963
12964
12965
12966
12967
12968
12969
12970
12971
12992
13001
13002
13003
13004
13005
13006
13007
13008
13009
13010
13011
13012
13013
13014
13015
13016
13017
13018
13019
13020
13021
13022
13024
13025
13026
13027
13028
13029
13030
13032
13036
13037
13038
13040
13041
13042
13043
13044
13045
13046
13047
13048
13049
13050
13051
13052
13057
13058
13060
13089
13091
13092
13093
13094
13095
13096
13097
13104
13105
13106
13107
13108
13109
13110
13111
13112
13113
13124
13125
13126
13127
13128
13129
13130
13131
13132
13133
13134
13135
13136
13138
13139
13140
13141
13142
13143
13144
13145
13146
13147
13148
13161
13162
13163
13164
13165
13166
13167
13168
13169
13170
13171
13172
13173
13174
13175
13176
13177
13178
13179
13180
13181
13182
13183
13184
13185
13186
13187
13188
13189
13190
13191
13192
13193
13194
13195
13196
13197
13198
13199
13200
13201
13202
13203
13204
13205
13206
13207
13208
13217
13220
13223
13227
13228
13229
13230
13231
13232
13233
13234
13235
13236
13237
13238
13239
13240
13241
13242
13243
13244
13245
13246
13247
13248
13249
13250
13251
13252
13253
13254
13255
13256
13257
13261
13262
13263
13264
13265
13266
13267
13268
13269
13270
13271
13272
13273
13274
13275
13276
13277
13278
13280
13281
13282
13283
13284
13285
13286
13287
13288
13289
13290
13291
13292
13293
13294
13296
13297
13298
13299
13300
13301
13302
13303
13304
13313
13314
13316
13317
13318
13319
13320
13321
13322
13337
13342
13343
13344
13345
13346
13347
13348
13349
13350
13356
13359
13360
13361
13362
13363
13364
13365
13366
13367
13368
13369
13370
13374
13377
13382
13383
13384
13385
13386
13387
13388
13390
13391
13392
13393
13408
13410
13411
13412
13413
13414
13416
13417
13418
13419
13420
13422
13423
13424
13425
13426
13427
13428
13429
13430
13431
13432
13433
13434
13439
13440
13441
13442
13443
13444
13445
13446
13447
13448
13449
13450
13451
13453
13454
13455
13456
13457
13458
13459
13460
13461
13462
13463
